00000000000000000000000000000000000000000000000000000000000000000000000000000000000000000000000000000000000000000000000000000000000000000000000000000000000000000000000000000000000000000000000000000000
00000000000000000000000000000000000000000000000000000000000000000000000000000000000000000000000000000000000000000000000000000000000000000000000000000000000000000000000000000000000000000000000000000000
00000000000000000000000000000000000000000000000000000000000000000000000000000000000000000000000000000000000000000000000000000000000000000000000000000000000000000000000000000000000000000000000000000000
00000000000000000000000000000000000000000000000000000000000000000000000000000000000000000000000000000000000000000000000000000000000000000000000000000000000000000000000000000000000000000000000000000000
00000000000000000000000000000000000000000000000000000000000000000000000000000000000000000000000000000000000000000000000000000000000000000000000000000000000000000000000000000000000000000000000000000000
00000000000000000000000000000000000000000000000000000000000000000000000000000000000000000000000000000000000000000000000000000000000000000000000000000000000000000000000000000000000000000000000000000000
00000000000000000000000000000000000000000000000000000000000000000000000000000000000000000000000000000000000000000000000000000000000000000000000000000000000000000000000000000000000000000000000000000000
00000000000000000000000000000000000000000000000000000000000000000000000000000000000000000000000000000000000000000000000000000000000000000000000000000000000000000000000000000000000000000000000000000000
00000000000000000000000000000000000000000000000000000000000000000000000000000000000000000000000000000000000000000000000000000000000000000000000000000000000000000000000000000000000000000000000000000000
00000000000000000000000000000000000000000000000000000000000000000000000000000000000000000000000000000000000000000000000000000000000000000000000000000000000000000000000000000000000000000000000000000000
00000000000000000000000000000000000000000000000000000000000000000000000000000000000000000000000000000000000000000000000000000000000000000000000000000000000000000000000000000000000000000000000000000000
00000000000000000000000000000000000000000000000000000000000000000000000000000000000000000000000000000000000000000000000000000000000000000000000000000000000000000000000000000000000000000000000000000000
00000000000000000000000000000000000000000000000000000000000000000000000000000000000000000000000000000000000000000000000000000000000000000000000000000000000000000000000000000000000000000000000000000000
00000000000001111111111111111111111111111111111111111110000000000001111110000000000000000001111110000000000001111111111111111111111111111110000001111111111111111111111111111111111111111110000000000000
00000000000001111111111111111111111111111111111111111110000000000001111110000000000000000001111110000000000001111111111111111111111111111110000001111111111111111111111111111111111111111110000000000000
00000000000001111111111111111111111111111111111111111110000000000001111110000000000000000001111110000000000001111111111111111111111111111110000001111111111111111111111111111111111111111110000000000000
00000000000001111111111111111111111111111111111111111110000000000001111110000000000000000001111110000000000001111111111111111111111111111110000001111111111111111111111111111111111111111110000000000000
00000000000001111111111111111111111111111111111111111110000000000001111110000000000000000001111110000000000001111111111111111111111111111110000001111111111111111111111111111111111111111110000000000000
00000000000001111111111111111111111111111111111111111110000000000001111110000000000000000001111110000000000001111111111111111111111111111110000001111111111111111111111111111111111111111110000000000000
00000000000001111110000000000000000000000000000001111110000001111111111110000001111111111110000000000001111111111110000000000000000001111110000001111110000000000000000000000000000001111110000000000000
00000000000001111110000000000000000000000000000001111110000001111111111110000001111111111110000000000001111111111110000000000000000001111110000001111110000000000000000000000000000001111110000000000000
00000000000001111110000000000000000000000000000001111110000001111111111110000001111111111110000000000001111111111110000000000000000001111110000001111110000000000000000000000000000001111110000000000000
00000000000001111110000000000000000000000000000001111110000001111111111110000001111111111110000000000001111111111110000000000000000001111110000001111110000000000000000000000000000001111110000000000000
00000000000001111110000000000000000000000000000001111110000001111111111110000001111111111110000000000001111111111110000000000000000001111110000001111110000000000000000000000000000001111110000000000000
00000000000001111110000000000000000000000000000001111110000001111111111110000001111111111110000000000001111111111110000000000000000001111110000001111110000000000000000000000000000001111110000000000000
00000000000001111110000001111111111111111110000001111110000000000001111111111111111110000000000001111110000001111110000001111111111110000000000001111110000001111111111111111110000001111110000000000000
00000000000001111110000001111111111111111110000001111110000000000001111111111111111110000000000001111110000001111110000001111111111110000000000001111110000001111111111111111110000001111110000000000000
00000000000001111110000001111111111111111110000001111110000000000001111111111111111110000000000001111110000001111110000001111111111110000000000001111110000001111111111111111110000001111110000000000000
00000000000001111110000001111111111111111110000001111110000000000001111111111111111110000000000001111110000001111110000001111111111110000000000001111110000001111111111111111110000001111110000000000000
00000000000001111110000001111111111111111110000001111110000000000001111111111111111110000000000001111110000001111110000001111111111110000000000001111110000001111111111111111110000001111110000000000000
00000000000001111110000001111111111111111110000001111110000000000001111111111111111110000000000001111110000001111110000001111111111110000000000001111110000001111111111111111110000001111110000000000000
00000000000001111110000001111111111111111110000001111110000001111111111110000001111111111111111110000000000001111110000000000000000001111110000001111110000001111111111111111110000001111110000000000000
00000000000001111110000001111111111111111110000001111110000001111111111110000001111111111111111110000000000001111110000000000000000001111110000001111110000001111111111111111110000001111110000000000000
00000000000001111110000001111111111111111110000001111110000001111111111110000001111111111111111110000000000001111110000000000000000001111110000001111110000001111111111111111110000001111110000000000000
00000000000001111110000001111111111111111110000001111110000001111111111110000001111111111111111110000000000001111110000000000000000001111110000001111110000001111111111111111110000001111110000000000000
00000000000001111110000001111111111111111110000001111110000001111111111110000001111111111111111110000000000001111110000000000000000001111110000001111110000001111111111111111110000001111110000000000000
00000000000001111110000001111111111111111110000001111110000001111111111110000001111111111111111110000000000001111110000000000000000001111110000001111110000001111111111111111110000001111110000000000000
00000000000001111110000001111111111111111110000001111110000000000000000001111110000001111110000001111111111111111111111110000001111110000000000001111110000001111111111111111110000001111110000000000000
00000000000001111110000001111111111111111110000001111110000000000000000001111110000001111110000001111111111111111111111110000001111110000000000001111110000001111111111111111110000001111110000000000000
00000000000001111110000001111111111111111110000001111110000000000000000001111110000001111110000001111111111111111111111110000001111110000000000001111110000001111111111111111110000001111110000000000000
00000000000001111110000001111111111111111110000001111110000000000000000001111110000001111110000001111111111111111111111110000001111110000000000001111110000001111111111111111110000001111110000000000000
00000000000001111110000001111111111111111110000001111110000000000000000001111110000001111110000001111111111111111111111110000001111110000000000001111110000001111111111111111110000001111110000000000000
00000000000001111110000001111111111111111110000001111110000000000000000001111110000001111110000001111111111111111111111110000001111110000000000001111110000001111111111111111110000001111110000000000000
00000000000001111110000000000000000000000000000001111110000001111110000001111110000000000000000001111111111111111110000001111110000001111110000001111110000000000000000000000000000001111110000000000000
00000000000001111110000000000000000000000000000001111110000001111110000001111110000000000000000001111111111111111110000001111110000001111110000001111110000000000000000000000000000001111110000000000000
00000000000001111110000000000000000000000000000001111110000001111110000001111110000000000000000001111111111111111110000001111110000001111110000001111110000000000000000000000000000001111110000000000000
00000000000001111110000000000000000000000000000001111110000001111110000001111110000000000000000001111111111111111110000001111110000001111110000001111110000000000000000000000000000001111110000000000000
00000000000001111110000000000000000000000000000001111110000001111110000001111110000000000000000001111111111111111110000001111110000001111110000001111110000000000000000000000000000001111110000000000000
00000000000001111110000000000000000000000000000001111110000001111110000001111110000000000000000001111111111111111110000001111110000001111110000001111110000000000000000000000000000001111110000000000000
00000000000001111111111111111111111111111111111111111110000001111110000001111110000001111110000001111110000001111110000001111110000001111110000001111111111111111111111111111111111111111110000000000000
00000000000001111111111111111111111111111111111111111110000001111110000001111110000001111110000001111110000001111110000001111110000001111110000001111111111111111111111111111111111111111110000000000000
00000000000001111111111111111111111111111111111111111110000001111110000001111110000001111110000001111110000001111110000001111110000001111110000001111111111111111111111111111111111111111110000000000000
00000000000001111111111111111111111111111111111111111110000001111110000001111110000001111110000001111110000001111110000001111110000001111110000001111111111111111111111111111111111111111110000000000000
00000000000001111111111111111111111111111111111111111110000001111110000001111110000001111110000001111110000001111110000001111110000001111110000001111111111111111111111111111111111111111110000000000000
00000000000001111111111111111111111111111111111111111110000001111110000001111110000001111110000001111110000001111110000001111110000001111110000001111111111111111111111111111111111111111110000000000000
00000000000000000000000000000000000000000000000000000000000000000000000000000000000000000000000001111111111110000000000000000001111110000000000000000000000000000000000000000000000000000000000000000000
00000000000000000000000000000000000000000000000000000000000000000000000000000000000000000000000001111111111110000000000000000001111110000000000000000000000000000000000000000000000000000000000000000000
00000000000000000000000000000000000000000000000000000000000000000000000000000000000000000000000001111111111110000000000000000001111110000000000000000000000000000000000000000000000000000000000000000000
00000000000000000000000000000000000000000000000000000000000000000000000000000000000000000000000001111111111110000000000000000001111110000000000000000000000000000000000000000000000000000000000000000000
00000000000000000000000000000000000000000000000000000000000000000000000000000000000000000000000001111111111110000000000000000001111110000000000000000000000000000000000000000000000000000000000000000000
00000000000000000000000000000000000000000000000000000000000000000000000000000000000000000000000001111111111110000000000000000001111110000000000000000000000000000000000000000000000000000000000000000000
00000000000001111111111111111111111111111110000001111111111111111111111111111111111110000000000001111110000001111110000000000000000001111111111110000001111110000001111110000001111110000000000000000000
00000000000001111111111111111111111111111110000001111111111111111111111111111111111110000000000001111110000001111110000000000000000001111111111110000001111110000001111110000001111110000000000000000000
00000000000001111111111111111111111111111110000001111111111111111111111111111111111110000000000001111110000001111110000000000000000001111111111110000001111110000001111110000001111110000000000000000000
00000000000001111111111111111111111111111110000001111111111111111111111111111111111110000000000001111110000001111110000000000000000001111111111110000001111110000001111110000001111110000000000000000000
00000000000001111111111111111111111111111110000001111111111111111111111111111111111110000000000001111110000001111110000000000000000001111111111110000001111110000001111110000001111110000000000000000000
00000000000001111111111111111111111111111110000001111111111111111111111111111111111110000000000001111110000001111110000000000000000001111111111110000001111110000001111110000001111110000000000000000000
00000000000000000000000000000001111110000001111110000000000000000001111110000001111110000001111111111110000000000001111110000001111111111111111111111111111111111111111110000001111111111110000000000000
00000000000000000000000000000001111110000001111110000000000000000001111110000001111110000001111111111110000000000001111110000001111111111111111111111111111111111111111110000001111111111110000000000000
00000000000000000000000000000001111110000001111110000000000000000001111110000001111110000001111111111110000000000001111110000001111111111111111111111111111111111111111110000001111111111110000000000000
00000000000000000000000000000001111110000001111110000000000000000001111110000001111110000001111111111110000000000001111110000001111111111111111111111111111111111111111110000001111111111110000000000000
00000000000000000000000000000001111110000001111110000000000000000001111110000001111110000001111111111110000000000001111110000001111111111111111111111111111111111111111110000001111111111110000000000000
00000000000000000000000000000001111110000001111110000000000000000001111110000001111110000001111111111110000000000001111110000001111111111111111111111111111111111111111110000001111111111110000000000000
00000000000001111111111111111111111110000001111111111111111110000001111110000000000000000001111111111111111110000001111110000000000001111110000001111111111110000001111111111110000000000000000000000000
00000000000001111111111111111111111110000001111111111111111110000001111110000000000000000001111111111111111110000001111110000000000001111110000001111111111110000001111111111110000000000000000000000000
00000000000001111111111111111111111110000001111111111111111110000001111110000000000000000001111111111111111110000001111110000000000001111110000001111111111110000001111111111110000000000000000000000000
00000000000001111111111111111111111110000001111111111111111110000001111110000000000000000001111111111111111110000001111110000000000001111110000001111111111110000001111111111110000000000000000000000000
00000000000001111111111111111111111110000001111111111111111110000001111110000000000000000001111111111111111110000001111110000000000001111110000001111111111110000001111111111110000000000000000000000000
00000000000001111111111111111111111110000001111111111111111110000001111110000000000000000001111111111111111110000001111110000000000001111110000001111111111110000001111111111110000000000000000000000000
00000000000001111111111110000001111111111111111110000000000000000001111111111111111111111110000001111110000001111110000000000001111111111111111110000001111110000001111110000000000000000000000000000000
00000000000001111111111110000001111111111111111110000000000000000001111111111111111111111110000001111110000001111110000000000001111111111111111110000001111110000001111110000000000000000000000000000000
00000000000001111111111110000001111111111111111110000000000000000001111111111111111111111110000001111110000001111110000000000001111111111111111110000001111110000001111110000000000000000000000000000000
00000000000001111111111110000001111111111111111110000000000000000001111111111111111111111110000001111110000001111110000000000001111111111111111110000001111110000001111110000000000000000000000000000000
00000000000001111111111110000001111111111111111110000000000000000001111111111111111111111110000001111110000001111110000000000001111111111111111110000001111110000001111110000000000000000000000000000000
00000000000001111111111110000001111111111111111110000000000000000001111111111111111111111110000001111110000001111110000000000001111111111111111110000001111110000001111110000000000000000000000000000000
00000000000001111111111111111110000001111110000001111110000000000001111110000000000000000001111110000000000000000000000000000001111110000001111110000001111111111111111111111111111110000000000000000000
00000000000001111111111111111110000001111110000001111110000000000001111110000000000000000001111110000000000000000000000000000001111110000001111110000001111111111111111111111111111110000000000000000000
00000000000001111111111111111110000001111110000001111110000000000001111110000000000000000001111110000000000000000000000000000001111110000001111110000001111111111111111111111111111110000000000000000000
00000000000001111111111111111110000001111110000001111110000000000001111110000000000000000001111110000000000000000000000000000001111110000001111110000001111111111111111111111111111110000000000000000000
00000000000001111111111111111110000001111110000001111110000000000001111110000000000000000001111110000000000000000000000000000001111110000001111110000001111111111111111111111111111110000000000000000000
00000000000001111111111111111110000001111110000001111110000000000001111110000000000000000001111110000000000000000000000000000001111110000001111110000001111111111111111111111111111110000000000000000000
00000000000001111110000000000000000001111110000000000000000001111111111111111111111110000000000001111111111111111110000001111110000001111110000001111111111111111110000001111111111111111110000000000000
00000000000001111110000000000000000001111110000000000000000001111111111111111111111110000000000001111111111111111110000001111110000001111110000001111111111111111110000001111111111111111110000000000000
00000000000001111110000000000000000001111110000000000000000001111111111111111111111110000000000001111111111111111110000001111110000001111110000001111111111111111110000001111111111111111110000000000000
00000000000001111110000000000000000001111110000000000000000001111111111111111111111110000000000001111111111111111110000001111110000001111110000001111111111111111110000001111111111111111110000000000000
00000000000001111110000000000000000001111110000000000000000001111111111111111111111110000000000001111111111111111110000001111110000001111110000001111111111111111110000001111111111111111110000000000000
00000000000001111110000000000000000001111110000000000000000001111111111111111111111110000000000001111111111111111110000001111110000001111110000001111111111111111110000001111111111111111110000000000000
00000000000001111111111110000001111111111111111111111111111111111110000001111110000001111110000000000001111111111110000000000000000001111111111110000001111111111111111111111110000000000000000000000000
00000000000001111111111110000001111111111111111111111111111111111110000001111110000001111110000000000001111111111110000000000000000001111111111110000001111111111111111111111110000000000000000000000000
00000000000001111111111110000001111111111111111111111111111111111110000001111110000001111110000000000001111111111110000000000000000001111111111110000001111111111111111111111110000000000000000000000000
00000000000001111111111110000001111111111111111111111111111111111110000001111110000001111110000000000001111111111110000000000000000001111111111110000001111111111111111111111110000000000000000000000000
00000000000001111111111110000001111111111111111111111111111111111110000001111110000001111110000000000001111111111110000000000000000001111111111110000001111111111111111111111110000000000000000000000000
00000000000001111111111110000001111111111111111111111111111111111110000001111110000001111110000000000001111111111110000000000000000001111111111110000001111111111111111111111110000000000000000000000000
00000000000000000001111110000000000001111111111110000001111110000000000001111110000001111110000001111111111110000000000000000000000000000001111110000001111111111110000000000001111110000000000000000000
00000000000000000001111110000000000001111111111110000001111110000000000001111110000001111110000001111111111110000000000000000000000000000001111110000001111111111110000000000001111110000000000000000000
00000000000000000001111110000000000001111111111110000001111110000000000001111110000001111110000001111111111110000000000000000000000000000001111110000001111111111110000000000001111110000000000000000000
00000000000000000001111110000000000001111111111110000001111110000000000001111110000001111110000001111111111110000000000000000000000000000001111110000001111111111110000000000001111110000000000000000000
00000000000000000001111110000000000001111111111110000001111110000000000001111110000001111110000001111111111110000000000000000000000000000001111110000001111111111110000000000001111110000000000000000000
00000000000000000001111110000000000001111111111110000001111110000000000001111110000001111110000001111111111110000000000000000000000000000001111110000001111111111110000000000001111110000000000000000000
00000000000000000000000000000001111110000001111111111111111111111110000000000000000000000001111111111111111111111110000000000000000001111110000000000001111111111111111111111110000001111110000000000000
00000000000000000000000000000001111110000001111111111111111111111110000000000000000000000001111111111111111111111110000000000000000001111110000000000001111111111111111111111110000001111110000000000000
00000000000000000000000000000001111110000001111111111111111111111110000000000000000000000001111111111111111111111110000000000000000001111110000000000001111111111111111111111110000001111110000000000000
00000000000000000000000000000001111110000001111111111111111111111110000000000000000000000001111111111111111111111110000000000000000001111110000000000001111111111111111111111110000001111110000000000000
00000000000000000000000000000001111110000001111111111111111111111110000000000000000000000001111111111111111111111110000000000000000001111110000000000001111111111111111111111110000001111110000000000000
00000000000000000000000000000001111110000001111111111111111111111110000000000000000000000001111111111111111111111110000000000000000001111110000000000001111111111111111111111110000001111110000000000000
00000000000001111110000001111111111110000001111110000000000001111111111111111111111111111110000001111110000000000000000000000001111110000001111111111111111111111110000000000001111111111110000000000000
00000000000001111110000001111111111110000001111110000000000001111111111111111111111111111110000001111110000000000000000000000001111110000001111111111111111111111110000000000001111111111110000000000000
00000000000001111110000001111111111110000001111110000000000001111111111111111111111111111110000001111110000000000000000000000001111110000001111111111111111111111110000000000001111111111110000000000000
00000000000001111110000001111111111110000001111110000000000001111111111111111111111111111110000001111110000000000000000000000001111110000001111111111111111111111110000000000001111111111110000000000000
00000000000001111110000001111111111110000001111110000000000001111111111111111111111111111110000001111110000000000000000000000001111110000001111111111111111111111110000000000001111111111110000000000000
00000000000001111110000001111111111110000001111110000000000001111111111111111111111111111110000001111110000000000000000000000001111110000001111111111111111111111110000000000001111111111110000000000000
00000000000001111110000001111111111110000001111111111110000000000001111111111110000000000001111110000001111110000001111110000000000001111110000001111110000001111111111110000000000000000000000000000000
00000000000001111110000001111111111110000001111111111110000000000001111111111110000000000001111110000001111110000001111110000000000001111110000001111110000001111111111110000000000000000000000000000000
00000000000001111110000001111111111110000001111111111110000000000001111111111110000000000001111110000001111110000001111110000000000001111110000001111110000001111111111110000000000000000000000000000000
00000000000001111110000001111111111110000001111111111110000000000001111111111110000000000001111110000001111110000001111110000000000001111110000001111110000001111111111110000000000000000000000000000000
00000000000001111110000001111111111110000001111111111110000000000001111111111110000000000001111110000001111110000001111110000000000001111110000001111110000001111111111110000000000000000000000000000000
00000000000001111110000001111111111110000001111111111110000000000001111111111110000000000001111110000001111110000001111110000000000001111110000001111110000001111111111110000000000000000000000000000000
00000000000001111110000001111110000001111110000000000001111110000000000001111111111110000000000001111111111110000000000001111111111110000000000001111110000001111111111110000001111111111110000000000000
00000000000001111110000001111110000001111110000000000001111110000000000001111111111110000000000001111111111110000000000001111111111110000000000001111110000001111111111110000001111111111110000000000000
00000000000001111110000001111110000001111110000000000001111110000000000001111111111110000000000001111111111110000000000001111111111110000000000001111110000001111111111110000001111111111110000000000000
00000000000001111110000001111110000001111110000000000001111110000000000001111111111110000000000001111111111110000000000001111111111110000000000001111110000001111111111110000001111111111110000000000000
00000000000001111110000001111110000001111110000000000001111110000000000001111111111110000000000001111111111110000000000001111111111110000000000001111110000001111111111110000001111111111110000000000000
00000000000001111110000001111110000001111110000000000001111110000000000001111111111110000000000001111111111110000000000001111111111110000000000001111110000001111111111110000001111111111110000000000000
00000000000001111110000001111111111110000001111111111111111111111110000000000001111110000000000001111110000000000001111111111110000001111111111111111111111111111110000000000000000000000000000000000000
00000000000001111110000001111111111110000001111111111111111111111110000000000001111110000000000001111110000000000001111111111110000001111111111111111111111111111110000000000000000000000000000000000000
00000000000001111110000001111111111110000001111111111111111111111110000000000001111110000000000001111110000000000001111111111110000001111111111111111111111111111110000000000000000000000000000000000000
00000000000001111110000001111111111110000001111111111111111111111110000000000001111110000000000001111110000000000001111111111110000001111111111111111111111111111110000000000000000000000000000000000000
00000000000001111110000001111111111110000001111111111111111111111110000000000001111110000000000001111110000000000001111111111110000001111111111111111111111111111110000000000000000000000000000000000000
00000000000001111110000001111111111110000001111111111111111111111110000000000001111110000000000001111110000000000001111111111110000001111111111111111111111111111110000000000000000000000000000000000000
00000000000000000000000000000000000000000000000000000000000001111110000001111110000000000001111111111110000001111110000000000000000001111110000000000000000001111111111110000001111111111110000000000000
00000000000000000000000000000000000000000000000000000000000001111110000001111110000000000001111111111110000001111110000000000000000001111110000000000000000001111111111110000001111111111110000000000000
00000000000000000000000000000000000000000000000000000000000001111110000001111110000000000001111111111110000001111110000000000000000001111110000000000000000001111111111110000001111111111110000000000000
00000000000000000000000000000000000000000000000000000000000001111110000001111110000000000001111111111110000001111110000000000000000001111110000000000000000001111111111110000001111111111110000000000000
00000000000000000000000000000000000000000000000000000000000001111110000001111110000000000001111111111110000001111110000000000000000001111110000000000000000001111111111110000001111111111110000000000000
00000000000000000000000000000000000000000000000000000000000001111110000001111110000000000001111111111110000001111110000000000000000001111110000000000000000001111111111110000001111111111110000000000000
00000000000001111111111111111111111111111111111111111110000001111110000000000000000001111111111111111111111111111111111111111111111111111110000001111110000001111110000001111110000000000000000000000000
00000000000001111111111111111111111111111111111111111110000001111110000000000000000001111111111111111111111111111111111111111111111111111110000001111110000001111110000001111110000000000000000000000000
00000000000001111111111111111111111111111111111111111110000001111110000000000000000001111111111111111111111111111111111111111111111111111110000001111110000001111110000001111110000000000000000000000000
00000000000001111111111111111111111111111111111111111110000001111110000000000000000001111111111111111111111111111111111111111111111111111110000001111110000001111110000001111110000000000000000000000000
00000000000001111111111111111111111111111111111111111110000001111110000000000000000001111111111111111111111111111111111111111111111111111110000001111110000001111110000001111110000000000000000000000000
00000000000001111111111111111111111111111111111111111110000001111110000000000000000001111111111111111111111111111111111111111111111111111110000001111110000001111110000001111110000000000000000000000000
00000000000001111110000000000000000000000000000001111110000000000001111110000000000000000000000001111110000001111110000000000001111111111110000000000000000001111111111110000000000000000000000000000000
00000000000001111110000000000000000000000000000001111110000000000001111110000000000000000000000001111110000001111110000000000001111111111110000000000000000001111111111110000000000000000000000000000000
00000000000001111110000000000000000000000000000001111110000000000001111110000000000000000000000001111110000001111110000000000001111111111110000000000000000001111111111110000000000000000000000000000000
00000000000001111110000000000000000000000000000001111110000000000001111110000000000000000000000001111110000001111110000000000001111111111110000000000000000001111111111110000000000000000000000000000000
00000000000001111110000000000000000000000000000001111110000000000001111110000000000000000000000001111110000001111110000000000001111111111110000000000000000001111111111110000000000000000000000000000000
00000000000001111110000000000000000000000000000001111110000000000001111110000000000000000000000001111110000001111110000000000001111111111110000000000000000001111111111110000000000000000000000000000000
00000000000001111110000001111111111111111110000001111110000001111111111110000000000001111111111110000001111111111111111110000000000001111111111111111111111111111111111110000001111110000000000000000000
00000000000001111110000001111111111111111110000001111110000001111111111110000000000001111111111110000001111111111111111110000000000001111111111111111111111111111111111110000001111110000000000000000000
00000000000001111110000001111111111111111110000001111110000001111111111110000000000001111111111110000001111111111111111110000000000001111111111111111111111111111111111110000001111110000000000000000000
00000000000001111110000001111111111111111110000001111110000001111111111110000000000001111111111110000001111111111111111110000000000001111111111111111111111111111111111110000001111110000000000000000000
00000000000001111110000001111111111111111110000001111110000001111111111110000000000001111111111110000001111111111111111110000000000001111111111111111111111111111111111110000001111110000000000000000000
00000000000001111110000001111111111111111110000001111110000001111111111110000000000001111111111110000001111111111111111110000000000001111111111111111111111111111111111110000001111110000000000000000000
00000000000001111110000001111111111111111110000001111110000001111110000000000000000000000000000001111110000000000000000000000001111111111110000000000001111110000001111111111110000001111110000000000000
00000000000001111110000001111111111111111110000001111110000001111110000000000000000000000000000001111110000000000000000000000001111111111110000000000001111110000001111111111110000001111110000000000000
00000000000001111110000001111111111111111110000001111110000001111110000000000000000000000000000001111110000000000000000000000001111111111110000000000001111110000001111111111110000001111110000000000000
00000000000001111110000001111111111111111110000001111110000001111110000000000000000000000000000001111110000000000000000000000001111111111110000000000001111110000001111111111110000001111110000000000000
00000000000001111110000001111111111111111110000001111110000001111110000000000000000000000000000001111110000000000000000000000001111111111110000000000001111110000001111111111110000001111110000000000000
00000000000001111110000001111111111111111110000001111110000001111110000000000000000000000000000001111110000000000000000000000001111111111110000000000001111110000001111111111110000001111110000000000000
00000000000001111110000001111111111111111110000001111110000001111111111110000000000001111110000001111111111111111111111111111111111111111111111110000000000001111111111111111111111110000000000000000000
00000000000001111110000001111111111111111110000001111110000001111111111110000000000001111110000001111111111111111111111111111111111111111111111110000000000001111111111111111111111110000000000000000000
00000000000001111110000001111111111111111110000001111110000001111111111110000000000001111110000001111111111111111111111111111111111111111111111110000000000001111111111111111111111110000000000000000000
00000000000001111110000001111111111111111110000001111110000001111111111110000000000001111110000001111111111111111111111111111111111111111111111110000000000001111111111111111111111110000000000000000000
00000000000001111110000001111111111111111110000001111110000001111111111110000000000001111110000001111111111111111111111111111111111111111111111110000000000001111111111111111111111110000000000000000000
00000000000001111110000001111111111111111110000001111110000001111111111110000000000001111110000001111111111111111111111111111111111111111111111110000000000001111111111111111111111110000000000000000000
00000000000001111110000000000000000000000000000001111110000001111111111110000001111110000000000000000001111110000000000001111111111110000001111111111111111111111111111110000001111110000000000000000000
00000000000001111110000000000000000000000000000001111110000001111111111110000001111110000000000000000001111110000000000001111111111110000001111111111111111111111111111110000001111110000000000000000000
00000000000001111110000000000000000000000000000001111110000001111111111110000001111110000000000000000001111110000000000001111111111110000001111111111111111111111111111110000001111110000000000000000000
00000000000001111110000000000000000000000000000001111110000001111111111110000001111110000000000000000001111110000000000001111111111110000001111111111111111111111111111110000001111110000000000000000000
00000000000001111110000000000000000000000000000001111110000001111111111110000001111110000000000000000001111110000000000001111111111110000001111111111111111111111111111110000001111110000000000000000000
00000000000001111110000000000000000000000000000001111110000001111111111110000001111110000000000000000001111110000000000001111111111110000001111111111111111111111111111110000001111110000000000000000000
00000000000001111111111111111111111111111111111111111110000001111110000000000001111111111111111111111110000001111110000000000001111110000000000001111110000000000001111111111110000000000000000000000000
00000000000001111111111111111111111111111111111111111110000001111110000000000001111111111111111111111110000001111110000000000001111110000000000001111110000000000001111111111110000000000000000000000000
00000000000001111111111111111111111111111111111111111110000001111110000000000001111111111111111111111110000001111110000000000001111110000000000001111110000000000001111111111110000000000000000000000000
00000000000001111111111111111111111111111111111111111110000001111110000000000001111111111111111111111110000001111110000000000001111110000000000001111110000000000001111111111110000000000000000000000000
00000000000001111111111111111111111111111111111111111110000001111110000000000001111111111111111111111110000001111110000000000001111110000000000001111110000000000001111111111110000000000000000000000000
00000000000001111111111111111111111111111111111111111110000001111110000000000001111111111111111111111110000001111110000000000001111110000000000001111110000000000001111111111110000000000000000000000000
00000000000000000000000000000000000000000000000000000000000000000000000000000000000000000000000000000000000000000000000000000000000000000000000000000000000000000000000000000000000000000000000000000000
00000000000000000000000000000000000000000000000000000000000000000000000000000000000000000000000000000000000000000000000000000000000000000000000000000000000000000000000000000000000000000000000000000000
00000000000000000000000000000000000000000000000000000000000000000000000000000000000000000000000000000000000000000000000000000000000000000000000000000000000000000000000000000000000000000000000000000000
00000000000000000000000000000000000000000000000000000000000000000000000000000000000000000000000000000000000000000000000000000000000000000000000000000000000000000000000000000000000000000000000000000000
00000000000000000000000000000000000000000000000000000000000000000000000000000000000000000000000000000000000000000000000000000000000000000000000000000000000000000000000000000000000000000000000000000000
00000000000000000000000000000000000000000000000000000000000000000000000000000000000000000000000000000000000000000000000000000000000000000000000000000000000000000000000000000000000000000000000000000000
00000000000000000000000000000000000000000000000000000000000000000000000000000000000000000000000000000000000000000000000000000000000000000000000000000000000000000000000000000000000000000000000000000000
00000000000000000000000000000000000000000000000000000000000000000000000000000000000000000000000000000000000000000000000000000000000000000000000000000000000000000000000000000000000000000000000000000000
00000000000000000000000000000000000000000000000000000000000000000000000000000000000000000000000000000000000000000000000000000000000000000000000000000000000000000000000000000000000000000000000000000000
00000000000000000000000000000000000000000000000000000000000000000000000000000000000000000000000000000000000000000000000000000000000000000000000000000000000000000000000000000000000000000000000000000000
00000000000000000000000000000000000000000000000000000000000000000000000000000000000000000000000000000000000000000000000000000000000000000000000000000000000000000000000000000000000000000000000000000000
00000000000000000000000000000000000000000000000000000000000000000000000000000000000000000000000000000000000000000000000000000000000000000000000000000000000000000000000000000000000000000000000000000000
00000000000000000000000000000000000000000000000000000000000000000000000000000000000000000000000000000000000000000000000000000000000000000000000000000000000000000000000000000000000000000000000000000000
